4294967278,58
4294967278,56
4294967278,50
4294967279,390
4294967279,389
4294967279,388
4294967279,260
4294967294,401
4294967294,161
4294967294,12
4294967294,67
4294967294,68
4294967294,11
4294967278,291
4294967278,385
4294967279,153
91,4
4294967279,151
91,3
91,2
91,1
4294967279,297
4294967278,289
4294967279,146
4294967279,145
4294967279,296
4294967278,142
4294967278,288
4294967279,140
4294967279,142
90,5
90,4
4294967279,141
90,3
90,2
90,1
4294967279,295
4294967279,276
4294967278,285
4294967279,293
4294967278,133
4294967279,292
89,6
89,5
89,4
89,3
89,2
89,1
4294967294,1087
4294967294,1424
4294967294,1422
4294967294,1421
4294967294,437
4294967294,1423
4294967294,1420
4294967294,1166
4294967279,290
4294967293,131
4294967293,130
4294967293,129
4294967293,128
4294967293,127
4294967293,126
4294967293,125
4294967293,124
4294967293,123
4294967293,122
4294967293,121
4294967293,120
4294967293,119
4294967293,118
4294967293,117
4294967293,116
4294967293,115
4294967293,114
4294967293,113
4294967293,112
4294967293,111
4294967293,110
4294967293,109
4294967293,108
4294967293,107
4294967293,106
4294967293,105
4294967293,104
4294967293,103
4294967293,102
4294967293,101
4294967293,100
4294967293,99
4294967293,98
4294967293,97
4294967293,96
4294967293,95
4294967293,94
4294967293,93
4294967293,92
4294967293,91
4294967293,90
4294967293,89
4294967293,87
4294967293,86
4294967293,85
4294967293,84
4294967293,83
4294967293,82
4294967293,81
4294967293,80
4294967293,79
4294967293,78
4294967293,77
4294967293,76
4294967293,75
4294967293,74
4294967293,73
4294967293,72
4294967293,71
4294967293,70
4294967293,69
4294967293,68
4294967293,67
4294967293,66
4294967293,65
4294967293,64
4294967293,63
4294967293,62
4294967293,61
4294967293,60
4294967293,59
4294967293,58
4294967293,57
4294967293,56
4294967293,55
4294967293,54
4294967293,53
4294967293,52
4294967293,51
4294967293,50
4294967293,49
4294967293,48
4294967293,47
4294967293,46
4294967293,45
4294967293,44
4294967293,43
4294967293,42
4294967293,41
4294967293,40
4294967293,39
4294967293,38
4294967293,37
4294967293,36
4294967293,35
4294967293,34
4294967293,33
4294967293,32
4294967293,31
4294967293,30
4294967293,29
4294967293,28
4294967293,27
4294967293,26
4294967293,25
4294967293,24
4294967293,23
4294967293,22
4294967293,21
4294967293,20
4294967293,19
4294967293,18
4294967293,17
4294967293,16
4294967293,15
4294967293,14
4294967293,13
4294967293,12
4294967293,11
4294967293,10
4294967293,9
4294967293,8
4294967293,7
4294967293,6
4294967293,5
4294967293,4
4294967293,3
4294967278,33
4294967278,31
4294967278,22
4294967278,21
4294967278,286
4294967278,17
4294967278,7
4294967278,287
4294967279,257
4294967279,117
4294967279,234
4294967279,112
4294967279,107
4294967279,220
4294967279,105
4294967279,101
4294967279,96
4294967279,94
4294967279,84
4294967279,83
4294967279,79
4294967279,77
4294967279,76
4294967279,75
4294967279,74
4294967279,73
4294967279,69
4294967279,67
4294967279,66
4294967279,65
4294967279,64
4294967279,59
4294967279,57
4294967279,56
4294967279,55
4294967279,54
4294967279,49
4294967279,47
4294967279,46
4294967279,157
4294967279,45
4294967279,44
4294967279,43
4294967279,42
4294967279,38
4294967279,36
4294967279,35
4294967279,34
4294967279,33
4294967279,31
4294967279,30
4294967279,29
4294967279,28
4294967279,27
4294967279,26
4294967279,24
4294967279,14
4294967279,286
4294967278,13
4294967278,267
4294967278,11
4294967278,280
4294967279,265
88,5
88,4
88,3
88,2
88,1
4294967294,387
4294967279,278
4294967278,384
87,4
87,3
87,2
87,1
4294967279,452
4294967279,123
4294967278,247
4294967279,248
4294967279,246
4294967279,244
86,4
86,3
86,2
86,1
4294967279,115
4294967279,239
4294967279,114
4294967278,383
4294967279,113
4294967279,236
4294967279,229
4294967279,225
85,6
85,5
85,4
85,3
85,2
85,1
4294967279,104
4294967279,218
4294967279,103
4294967279,216
4294967279,102
4294967279,100
4294967279,213
4294967279,212
4294967279,208
4294967279,210
84,5
84,4
84,3
84,2
84,1
4294967278,382
4294967279,92
4294967279,91
4294967294,1248
4294967294,190
4294967294,1077
4294967294,420
4294967279,89
4294967279,202
4294967279,201
4294967279,200
83,5
4294967279,199
83,4
83,3
83,2
83,1
4294967279,198
4294967278,381
4294967279,451
4294967279,82
4294967279,81
4294967278,380
4294967279,450
4294967279,80
4294967279,193
4294967279,78
4294967279,192
4294967279,191
4294967279,190
82,5
4294967279,189
82,4
82,3
82,2
82,1
4294967279,188
4294967279,72
4294967279,63
4294967279,449
4294967279,71
4294967279,70
4294967279,183
4294967294,479
4294967279,68
4294967279,182
4294967278,180
4294967278,379
4294967279,181
4294967278,179
4294967279,177
4294967279,179
81,5
81,4
4294967279,178
81,3
81,2
81,1
4294967279,448
4294967279,62
4294967279,53
4294967294,392
4294967279,447
4294967279,61
4294967279,60
4294967279,172
4294967279,58
4294967279,171
4294967279,170
4294967278,168
4294967279,166
4294967279,168
80,5
80,4
4294967279,167
80,3
80,2
80,1
4294967279,52
4294967278,378
4294967279,446
4294967279,51
4294967279,50
4294967279,162
4294967279,48
4294967279,161
4294967279,160
4294967278,157
4294967279,158
79,6
4294967278,156
79,5
4294967279,156
79,4
79,3
79,2
79,1
4294967279,155
4294967279,41
4294967279,32
4294967279,40
4294967278,377
4294967279,144
